400 280
400 280
400 240
360 240
320 240
280 240
240 240
240 200
240 240
240 280
280 280
280 320
320 320
320 280
360 280
360 320
360 280
360 240
360 200
360 240
400 240
400 280
360 280
320 280
360 280
320 280
320 320
320 280
360 280
360 240
360 200
360 160
360 120
320 120
360 120
320 120
280 120
280 160
280 200
280 160
320 160
360 160
320 160
360 160
320 160
280 160
320 160
320 120
280 120
280 80
240 80
280 80
320 80
360 80
360 120
320 120
320 160
280 160
280 120
240 120
280 120
280 80
320 80
320 120
320 160
280 160
240 160
200 160
200 120
160 120
160 80
200 80
200 120
160 120
200 120
200 160
200 200
240 200
240 240
240 200
240 240
240 200
200 200
160 200
120 200
120 240
160 240
120 240
120 280
160 280
160 240
120 240
120 200
120 160
80 160
40 160
80 160
120 160
80 160
80 200
80 160
80 200
120 200
80 200
80 240
80 200
40 200
40 160
80 160
80 120
40 120
0 120
160 200
120 160
120 120
80 120
80 80
120 80
120 40
160 40
120 40
160 40
200 40
200 0
120 240
120 240
160 240
120 240
120 200
120 160
120 200
120 240
80 240
80 200
80 240
80 200
80 160
40 160
0 160
120 160
80 120
80 80
80 120
80 80
120 80
160 80
200 80
200 40
240 40
0 120
400 280
